+0A63
+0B62
+1462
+1E61
+1560
+1460
+1562
+1462
+1F63
+2901
+3001
+1461
+155F
+0B62
+1462
+1F61
+155E
+145E
+1562
+145F
+1F62
+290D
+300D
+3100
+0000
+0000
+0000
+0000
+0000
+0000
+0000
+0000
+0000
+0000
+0000
+0000
+0000
+0000
+0000
+0000
+0000
+0000
+0000
+0000
+0000
+0000
+0000
+0000
+0000
+0000
+0000
+0000
+0000
+0000
+0000
+0000
+0000
+0000
+0000
+0000
+0000
+0000
+0000
+0000
+0000
+0000
+0000
+0000
+0000
+0000
+0000
+0000
+0000
+0000
+0000
+0000
+0000
+0000
+0000
+0000
+0000
+0000
+0000
+0000
+0000
+0000
+0000
+0000
+0000
+0000
+0000
+0000
+0000
+0000
+0000
+0000
+0000
+0001
+0000
+0000
